nan nan nan nan nan nan nan nan nan 0.415157928792 0.406022864255 
nan nan nan nan nan nan nan 0.0657062625897 0.134874439568 0.382429305319 0.323054515305 
nan nan nan nan nan nan 0.382948687917 nan 0.44054966973 0.38150535236 0.329598973577 
nan nan nan nan nan nan nan 0.346534860135 nan 0.393448893842 0.314324742197 
nan nan nan nan nan nan nan nan 0.175851083426 nan 0.394896603237 
nan nan nan nan nan nan nan nan 0.316431273637 nan 0.212003997659 
nan nan nan nan 0.382948687917 nan 0.363392407957 nan nan 0.4458095661 nan 
nan nan nan nan nan 0.344347333092 nan nan 0.287012595221 0.327792302065 0.260902064182 
nan nan nan nan nan nan nan 0.195793086422 0.328407253698 0.305513099658 -0.0572765480504 
nan 0.434168058877 nan nan nan nan nan nan 0.31903183245 0.382948687917 0.291998813074 
0.199646597746 nan nan nan nan nan 0.219494254371 nan nan 0.611107139512 0.442599581438 
